NAME : 18.opt.tour 
TYPE : TOUR
DIMENSION : 52
SOLUTION : 
1 31 (420.0, 555.0)
2 3 (345.0, 750.0)
3 21 (300.0, 465.0)
4 23 (480.0, 415.0)
5 20 (560.0, 365.0)
6 50 (595.0, 360.0)
7 16 (725.0, 370.0)
8 44 (700.0, 500.0)
9 37 (770.0, 610.0)
10 48 (830.0, 610.0)
11 6 (880.0, 660.0)
12 4 (945.0, 685.0)
13 46 (830.0, 485.0)
14 29 (660.0, 180.0)
15 30 (410.0, 250.0)
16 42 (95.0, 260.0)
17 7 (25.0, 230.0)
18 2 (25.0, 185.0)
19 17 (145.0, 665.0)
20 45 (555.0, 815.0)
21 19 (510.0, 875.0)
22 41 (475.0, 960.0)
23 8 (525.0, 1000.0)
24 10 (650.0, 1130.0)
25 22 (520.0, 585.0)
26 1 (565.0, 575.0)
27 49 (605.0, 625.0)
28 32 (575.0, 665.0)
29 36 (685.0, 610.0)
30 35 (685.0, 595.0)
31 34 (700.0, 580.0)
32 39 (720.0, 635.0)
33 40 (760.0, 650.0)
34 38 (795.0, 645.0)
35 24 (835.0, 625.0)
36 5 (845.0, 655.0)
37 15 (845.0, 680.0)
38 25 (975.0, 580.0)
39 12 (1220.0, 580.0)
40 28 (1250.0, 400.0)
41 27 (1320.0, 315.0)
42 26 (1215.0, 245.0)
43 47 (1170.0, 65.0)
44 13 (1465.0, 200.0)
45 14 (1530.0, 5.0)
46 52 (1740.0, 245.0)
47 11 (1605.0, 620.0)
48 51 (1340.0, 725.0)
49 33 (1150.0, 1160.0)
50 43 (875.0, 920.0)
51 9 (580.0, 1175.0)
