NAME : 33.opt.tour 
TYPE : TOUR
DIMENSION : 52
SOLUTION : 
1 1 (565.0, 575.0)
2 31 (420.0, 555.0)
3 18 (415.0, 635.0)
4 3 (345.0, 750.0)
5 19 (510.0, 875.0)
6 45 (555.0, 815.0)
7 41 (475.0, 960.0)
8 8 (525.0, 1000.0)
9 10 (650.0, 1130.0)
10 9 (580.0, 1175.0)
11 43 (875.0, 920.0)
12 15 (845.0, 680.0)
13 6 (880.0, 660.0)
14 25 (975.0, 580.0)
15 12 (1220.0, 580.0)
16 28 (1250.0, 400.0)
17 27 (1320.0, 315.0)
18 26 (1215.0, 245.0)
19 47 (1170.0, 65.0)
20 13 (1465.0, 200.0)
21 14 (1530.0, 5.0)
22 52 (1740.0, 245.0)
23 11 (1605.0, 620.0)
24 51 (1340.0, 725.0)
25 33 (1150.0, 1160.0)
26 49 (605.0, 625.0)
27 32 (575.0, 665.0)
28 22 (520.0, 585.0)
29 35 (685.0, 595.0)
30 36 (685.0, 610.0)
31 34 (700.0, 580.0)
32 39 (720.0, 635.0)
33 40 (760.0, 650.0)
34 38 (795.0, 645.0)
35 37 (770.0, 610.0)
36 48 (830.0, 610.0)
37 24 (835.0, 625.0)
38 5 (845.0, 655.0)
39 4 (945.0, 685.0)
40 46 (830.0, 485.0)
41 44 (700.0, 500.0)
42 16 (725.0, 370.0)
43 50 (595.0, 360.0)
44 20 (560.0, 365.0)
45 23 (480.0, 415.0)
46 30 (410.0, 250.0)
47 21 (300.0, 465.0)
48 17 (145.0, 665.0)
49 42 (95.0, 260.0)
50 7 (25.0, 230.0)
51 2 (25.0, 185.0)
