NAME : 29.opt.tour 
TYPE : TOUR
DIMENSION : 52
SOLUTION : 
1 29 (660.0, 180.0)
2 50 (595.0, 360.0)
3 16 (725.0, 370.0)
4 20 (560.0, 365.0)
5 30 (410.0, 250.0)
6 23 (480.0, 415.0)
7 44 (700.0, 500.0)
8 46 (830.0, 485.0)
9 34 (700.0, 580.0)
10 1 (565.0, 575.0)
11 35 (685.0, 595.0)
12 22 (520.0, 585.0)
13 36 (685.0, 610.0)
14 37 (770.0, 610.0)
15 31 (420.0, 555.0)
16 49 (605.0, 625.0)
17 39 (720.0, 635.0)
18 21 (300.0, 465.0)
19 48 (830.0, 610.0)
20 24 (835.0, 625.0)
21 40 (760.0, 650.0)
22 38 (795.0, 645.0)
23 32 (575.0, 665.0)
24 25 (975.0, 580.0)
25 5 (845.0, 655.0)
26 18 (415.0, 635.0)
27 47 (1170.0, 65.0)
28 6 (880.0, 660.0)
29 15 (845.0, 680.0)
30 26 (1215.0, 245.0)
31 42 (95.0, 260.0)
32 4 (945.0, 685.0)
33 28 (1250.0, 400.0)
34 2 (25.0, 185.0)
35 7 (25.0, 230.0)
36 45 (555.0, 815.0)
37 3 (345.0, 750.0)
38 27 (1320.0, 315.0)
39 12 (1220.0, 580.0)
40 17 (145.0, 665.0)
41 19 (510.0, 875.0)
42 43 (875.0, 920.0)
43 41 (475.0, 960.0)
44 13 (1465.0, 200.0)
45 8 (525.0, 1000.0)
46 51 (1340.0, 725.0)
47 14 (1530.0, 5.0)
48 10 (650.0, 1130.0)
49 9 (580.0, 1175.0)
50 11 (1605.0, 620.0)
51 52 (1740.0, 245.0)
52 33 (1150.0, 1160.0)
