NAME : 27.opt.tour 
TYPE : TOUR
DIMENSION : 52
SOLUTION : 
1 27 (1320.0, 315.0)
2 28 (1250.0, 400.0)
3 26 (1215.0, 245.0)
4 13 (1465.0, 200.0)
5 12 (1220.0, 580.0)
6 47 (1170.0, 65.0)
7 14 (1530.0, 5.0)
8 51 (1340.0, 725.0)
9 11 (1605.0, 620.0)
10 52 (1740.0, 245.0)
11 25 (975.0, 580.0)
12 46 (830.0, 485.0)
13 4 (945.0, 685.0)
14 6 (880.0, 660.0)
15 48 (830.0, 610.0)
16 24 (835.0, 625.0)
17 5 (845.0, 655.0)
18 16 (725.0, 370.0)
19 15 (845.0, 680.0)
20 38 (795.0, 645.0)
21 37 (770.0, 610.0)
22 44 (700.0, 500.0)
23 40 (760.0, 650.0)
24 29 (660.0, 180.0)
25 34 (700.0, 580.0)
26 39 (720.0, 635.0)
27 35 (685.0, 595.0)
28 36 (685.0, 610.0)
29 50 (595.0, 360.0)
